8487
39625
23010
48087
30169
22384
16230
69322
87374
18200
55939
1401
67173
60194
9238
15536
44114
22329
25318
77209
58305
9791
5743
15260
67108
6822
21150
3253
7537
11564
13688
12086
44528
51377
26102
3895
92315
23006
82066
9889
92405
30085
79035
17195
12933
33840
12366
92388
10063
11333
54829
2374
57882
93630
14725
9603
73019
9936
4172
8566
16326
58746
9024
65744
21262
1636
89607
66475
26488
15147
94200
3966
9459
7728
18668
10181
89926
35295
55426
58725
54084
15070
64764
35448
9666
42866
27623
58431
9739
8020
28963
8149
56335
49580
38931
40040
53674
80854
46548
34891
24494
12547
59083
4685
63384
5458
2070
8201
10355
16900
62654
48454
33872
38429
80777
18192
53882
5521
56343
7494
51512
33438
29276
89694
27705
43948
64884
4048
77469
54684
7329
25957
21039
35409
800
69389
38673
9286
63387
15401
7877
16063
65377
45377
22905
31180
14260
31505
47946
11707
25825
67443
54945
1890
22822
18398
27413
10867
86455
94297
12834
29009
41250
22297
32944
357
15494
7416
4925
13266
32350
483
1891
50482
32530
46911
68052
61603
10255
52295
46167
68655
10776
31573
20366
36384
4856
8651
16547
33778
15293
3220
72906
16853
15513
65070
54152
70604
65006
19542
1533
64932
25116
70997
5844
225
70999
16735
34277
51415
32462
29290
87055
9600
29672
29601
63062
2777
9473
60939
90525
91054
2762
45018
10739
53122
82086
66601
89056
48525
8022
33922
425
26349
1488
44112
9644
29471
64087
40949
45012
44656
17406
2178
35731
68061
931
2852
45799
30270
29966
85277
13155
43296
19457
8305
28651
2211
65846
10482
44008
23124
13081
45553
375
18480
7588
44949
26764
4180
4671
90492
33505
60913
14320
51745
78798
74891
12936
38050
6493
15172
69523
63382
86072
34111
91617
94176
23859
196
90358
48546
61875
13268
39144
61760
12559
84452
2156
